1.522229739265866041e+09 1.522229746865880966e+09
1.522229749585860014e+09 1.522229762495851994e+09
1.522229765365789890e+09 1.522229781095674038e+09
1.522229782965585947e+09 1.522229792155579090e+09
1.522229793465559959e+09 1.522229801885603905e+09
1.522229804205853939e+09 1.522229814745467901e+09
1.522229818135389090e+09 1.522229833115190029e+09
1.522229834405303955e+09 1.522229842885409117e+09
1.522229844845153093e+09 1.522229852914931059e+09
1.522229854575294971e+09 1.522229863375320911e+09
1.522229864795094967e+09 1.522229877794841051e+09
