1.522229054156748056e+09 1.522229062046392918e+09
1.522229063626286983e+09 1.522229076986454010e+09
1.522229079365370035e+09 1.522229093085022926e+09
1.522229095145102978e+09 1.522229106705280066e+09
1.522229108854799986e+09 1.522229134554608107e+09
1.522229137064740896e+09 1.522229146344528913e+09
1.522229148024568081e+09 1.522229158514914989e+09
1.522229160274763107e+09 1.522229173654345036e+09
1.522229175674798965e+09 1.522229187114192963e+09
1.522229188894380093e+09 1.522229203764065981e+09
